step,position
1, 0.000160
2, 0.000475
3, 0.000948
4, 0.001577
5, 0.002362
6, 0.003304
7, 0.004403
8, 0.005658
9, 0.007071
10, 0.008640
11, 0.010046
12, 0.011297
13, 0.012392
14, 0.013330
15, 0.014113
16, 0.014738
17, 0.015207
18, 0.015520
19, 0.015676
20, 0.015675
21, 0.015518
22, 0.015204
23, 0.014825
24, 0.014455
25, 0.014093
26, 0.013740
27, 0.013397
28, 0.013062
29, 0.012735
30, 0.012416
31, 0.012106
32, 0.011803
33, 0.011508
34, 0.011220
35, 0.010939
36, 0.010665
37, 0.010399
38, 0.010138
39, 0.009885
40, 0.009637
41, 0.009396
42, 0.009161
43, 0.008932
44, 0.008709
45, 0.008491
46, 0.008278
47, 0.008071
48, 0.007869
49, 0.007673
50, 0.007481
51, 0.007293
52, 0.007111
53, 0.006933
54, 0.006760
55, 0.006591
56, 0.006426
57, 0.006265
58, 0.006108
59, 0.005955
60, 0.005806
61, 0.005661
62, 0.005520
63, 0.005381
64, 0.005247
65, 0.005116
66, 0.004988
67, 0.004863
68, 0.004741
69, 0.004623
70, 0.004507
71, 0.004394
72, 0.004284
73, 0.004177
74, 0.004073
75, 0.003971
76, 0.003871
77, 0.003775
78, 0.003680
79, 0.003588
80, 0.003498
81, 0.003411
82, 0.003325
83, 0.003242
84, 0.003161
85, 0.003082
86, 0.003005
87, 0.002930
88, 0.002857
89, 0.002785
90, 0.002715
91, 0.002647
92, 0.002581
93, 0.002517
94, 0.002454
95, 0.002392
96, 0.002332
97, 0.002274
98, 0.002217
99, 0.002162
100, 0.002108
101, 0.002055
102, 0.002004
103, 0.001953
104, 0.001905
105, 0.001857
106, 0.001810
107, 0.001765
108, 0.001721
109, 0.001678
110, 0.001636
111, 0.001595
112, 0.001555
113, 0.001516
114, 0.001478
115, 0.001441
116, 0.001405
117, 0.001370
118, 0.001336
119, 0.001302
120, 0.001270
121, 0.001238
122, 0.001207
123, 0.001177
124, 0.001147
125, 0.001119
126, 0.001091
127, 0.001063
128, 0.001037
129, 0.001011
130, 0.000986
131, 0.000961
132, 0.000937
133, 0.000914
134, 0.000891
135, 0.000868
136, 0.000847
137, 0.000825
138, 0.000805
139, 0.000785
140, 0.000765
141, 0.000746
142, 0.000727
143, 0.000709
144, 0.000691
145, 0.000674
146, 0.000657
147, 0.000641
148, 0.000625
149, 0.000609
150, 0.000594
151, 0.000579
152, 0.000564
153, 0.000550
154, 0.000537
155, 0.000523
156, 0.000510
157, 0.000497
158, 0.000485
159, 0.000473
160, 0.000461
161, 0.000449
162, 0.000438
163, 0.000427
164, 0.000417
165, 0.000406
166, 0.000396
167, 0.000386
168, 0.000376
169, 0.000367
170, 0.000358
171, 0.000349
172, 0.000340
173, 0.000332
174, 0.000323
175, 0.000315
176, 0.000307
177, 0.000300
178, 0.000292
179, 0.000285
180, 0.000278
181, 0.000271
182, 0.000264
183, 0.000257
184, 0.000251
185, 0.000245
186, 0.000239
187, 0.000233
188, 0.000227
189, 0.000221
190, 0.000216
191, 0.000210
192, 0.000205
193, 0.000200
194, 0.000195
195, 0.000190
196, 0.000185
197, 0.000181
198, 0.000176
199, 0.000172
200, 0.000327
201, 0.000638
202, 0.001106
203, 0.001731
204, 0.002512
205, 0.003449
206, 0.004544
207, 0.005795
208, 0.007203
209, 0.008767
210, 0.010489
211, 0.012048
212, 0.013451
213, 0.014698
214, 0.015789
215, 0.016724
216, 0.017502
217, 0.018123
218, 0.018589
219, 0.018897
220, 0.019049
221, 0.019044
222, 0.018882
223, 0.018564
224, 0.018103
225, 0.017650
226, 0.017209
227, 0.016778
228, 0.016359
229, 0.015949
230, 0.015550
231, 0.015161
232, 0.014782
233, 0.014412
234, 0.014052
235, 0.013700
236, 0.013357
237, 0.013023
238, 0.012698
239, 0.012380
240, 0.012070
241, 0.011768
242, 0.011474
243, 0.011187
244, 0.010907
245, 0.010634
246, 0.010368
247, 0.010109
248, 0.009856
249, 0.009609
250, 0.009369
251, 0.009134
252, 0.008906
253, 0.008683
254, 0.008466
255, 0.008254
256, 0.008048
257, 0.007846
258, 0.007650
259, 0.007459
260, 0.007272
261, 0.007090
262, 0.006913
263, 0.006740
264, 0.006571
265, 0.006407
266, 0.006247
267, 0.006090
268, 0.005938
269, 0.005789
270, 0.005645
271, 0.005503
272, 0.005366
273, 0.005231
274, 0.005101
275, 0.004973
276, 0.004849
277, 0.004727
278, 0.004609
279, 0.004494
280, 0.004381
281, 0.004272
282, 0.004165
283, 0.004061
284, 0.003959
285, 0.003860
286, 0.003763
287, 0.003669
288, 0.003578
289, 0.003488
290, 0.003401
291, 0.003316
292, 0.003233
293, 0.003152
294, 0.003073
295, 0.002996
296, 0.002921
297, 0.002848
298, 0.002777
299, 0.002707
300, 0.002640
301, 0.002574
302, 0.002509
303, 0.002446
304, 0.002385
305, 0.002326
306, 0.002267
307, 0.002211
308, 0.002155
309, 0.002101
310, 0.002049
311, 0.001998
312, 0.001948
313, 0.001899
314, 0.001851
315, 0.001805
316, 0.001760
317, 0.001716
318, 0.001673
319, 0.001631
320, 0.001590
321, 0.001551
322, 0.001512
323, 0.001474
324, 0.001437
325, 0.001401
326, 0.001366
327, 0.001332
328, 0.001299
329, 0.001266
330, 0.001234
331, 0.001204
332, 0.001173
333, 0.001144
334, 0.001115
335, 0.001088
336, 0.001060
337, 0.001034
338, 0.001008
339, 0.000983
340, 0.000958
341, 0.000934
342, 0.000911
343, 0.000888
344, 0.000866
345, 0.000844
346, 0.000823
347, 0.000802
348, 0.000782
349, 0.000763
350, 0.000744
351, 0.000725
352, 0.000707
353, 0.000689
354, 0.000672
355, 0.000655
356, 0.000639
357, 0.000623
358, 0.000607
359, 0.000592
360, 0.000577
361, 0.000563
362, 0.000549
363, 0.000535
364, 0.000522
365, 0.000509
366, 0.000496
367, 0.000483
368, 0.000471
369, 0.000460
370, 0.000448
371, 0.000437
372, 0.000426
373, 0.000415
374, 0.000405
375, 0.000395
376, 0.000385
377, 0.000375
378, 0.000366
379, 0.000357
380, 0.000348
381, 0.000339
382, 0.000331
383, 0.000322
384, 0.000314
385, 0.000306
386, 0.000299
387, 0.000291
388, 0.000284
389, 0.000277
390, 0.000270
391, 0.000263
392, 0.000257
393, 0.000250
394, 0.000244
395, 0.000238
396, 0.000232
397, 0.000226
398, 0.000220
399, 0.000215
400, 0.000369
401, 0.000679
402, 0.001146
403, 0.001769
404, 0.002549
405, 0.003486
406, 0.004579
407, 0.005829
408, 0.007236
409, 0.008799
410, 0.010520
411, 0.012078
412, 0.013480
413, 0.014726
414, 0.015816
415, 0.016749
416, 0.017526
417, 0.018147
418, 0.018611
419, 0.018918
420, 0.019069
421, 0.019063
422, 0.018900
423, 0.018580
424, 0.018119
425, 0.017666
426, 0.017224
427, 0.016793
428, 0.016373
429, 0.015964
430, 0.015564
431, 0.015175
432, 0.014795
433, 0.014425
434, 0.014064
435, 0.013712
436, 0.013369
437, 0.013035
438, 0.012709
439, 0.012391
440, 0.012081
441, 0.011779
442, 0.011484
443, 0.011197
444, 0.010917
445, 0.010644
446, 0.010377
447, 0.010118
448, 0.009865
449, 0.009618
450, 0.009377
451, 0.009143
452, 0.008914
453, 0.008691
454, 0.008474
455, 0.008262
456, 0.008055
457, 0.007853
458, 0.007657
459, 0.007465
460, 0.007279
461, 0.007097
462, 0.006919
463, 0.006746
464, 0.006577
465, 0.006413
466, 0.006252
467, 0.006096
468, 0.005943
469, 0.005795
470, 0.005650
471, 0.005508
472, 0.005371
473, 0.005236
474, 0.005105
475, 0.004977
476, 0.004853
477, 0.004732
478, 0.004613
479, 0.004498
480, 0.004385
481, 0.004276
482, 0.004169
483, 0.004064
484, 0.003963
485, 0.003864
486, 0.003767
487, 0.003673
488, 0.003581
489, 0.003491
490, 0.003404
491, 0.003319
492, 0.003236
493, 0.003155
494, 0.003076
495, 0.002999
496, 0.002924
497, 0.002851
498, 0.002779
499, 0.002710
500, 0.002642
501, 0.002576
502, 0.002512
503, 0.002449
504, 0.002387
505, 0.002328
506, 0.002269
507, 0.002213
508, 0.002157
509, 0.002103
510, 0.002051
511, 0.001999
512, 0.001949
513, 0.001901
514, 0.001853
515, 0.001807
516, 0.001762
517, 0.001717
518, 0.001675
519, 0.001633
520, 0.001592
521, 0.001552
522, 0.001513
523, 0.001475
524, 0.001438
525, 0.001402
526, 0.001367
527, 0.001333
528, 0.001300
529, 0.001267
530, 0.001236
531, 0.001205
532, 0.001175
533, 0.001145
534, 0.001116
535, 0.001089
536, 0.001061
537, 0.001035
538, 0.001009
539, 0.000984
540, 0.000959
541, 0.000935
542, 0.000912
543, 0.000889
544, 0.000867
545, 0.000845
546, 0.000824
547, 0.000803
548, 0.000783
549, 0.000764
550, 0.000744
551, 0.000726
552, 0.000708
553, 0.000690
554, 0.000673
555, 0.000656
556, 0.000639
557, 0.000623
558, 0.000608
559, 0.000593
560, 0.000578
561, 0.000563
562, 0.000549
563, 0.000536
564, 0.000522
565, 0.000509
566, 0.000496
567, 0.000484
568, 0.000472
569, 0.000460
570, 0.000448
571, 0.000437
572, 0.000426
573, 0.000416
574, 0.000405
575, 0.000395
576, 0.000385
577, 0.000376
578, 0.000366
579, 0.000357
580, 0.000348
581, 0.000339
582, 0.000331
583, 0.000323
584, 0.000315
585, 0.000307
586, 0.000299
587, 0.000292
588, 0.000284
589, 0.000277
590, 0.000270
591, 0.000263
592, 0.000257
593, 0.000250
594, 0.000244
595, 0.000238
596, 0.000232
597, 0.000226
598, 0.000221
599, 0.000215
600, 0.000369
601, 0.000680
602, 0.001146
603, 0.001770
604, 0.002550
605, 0.003486
606, 0.004579
607, 0.005829
608, 0.007236
609, 0.008799
610, 0.010520
611, 0.012078
612, 0.013480
613, 0.014726
614, 0.015816
615, 0.016749
616, 0.017526
617, 0.018147
618, 0.018611
619, 0.018918
620, 0.019069
621, 0.019063
622, 0.018900
623, 0.018580
624, 0.018119
625, 0.017666
626, 0.017224
627, 0.016793
628, 0.016373
629, 0.015964
630, 0.015564
631, 0.015175
632, 0.014795
633, 0.014425
634, 0.014064
635, 0.013713
636, 0.013369
637, 0.013035
638, 0.012709
639, 0.012391
640, 0.012081
641, 0.011779
642, 0.011484
643, 0.011197
644, 0.010917
645, 0.010644
646, 0.010377
647, 0.010118
648, 0.009865
649, 0.009618
650, 0.009377
651, 0.009143
652, 0.008914
653, 0.008691
654, 0.008474
655, 0.008262
656, 0.008055
657, 0.007853
658, 0.007657
659, 0.007465
660, 0.007279
661, 0.007097
662, 0.006919
663, 0.006746
664, 0.006577
665, 0.006413
666, 0.006252
667, 0.006096
668, 0.005943
669, 0.005795
670, 0.005650
671, 0.005508
672, 0.005371
673, -0.007307
674, -0.019828
675, -0.032193
676, -0.044401
677, -0.056452
678, -0.068347
679, -0.080085
680, -0.091667
681, -0.103091
682, -0.114359
683, -0.125470
684, -0.136425
685, -0.147222
686, -0.157863
687, -0.168347
688, -0.178674
689, -0.188844
690, -0.198857
691, -0.208714
692, -0.218413
693, -0.227956
694, -0.237342
695, -0.246571
696, -0.255643
697, -0.254760
698, -0.253811
699, -0.252705
700, -0.251438
701, -0.250009
702, -0.248420
703, -0.246671
704, -0.244763
705, -0.242697
706, -0.240472
707, -0.238089
708, -0.235548
709, -0.232850
710, -0.229994
711, -0.226981
712, -0.223811
713, -0.235707
714, -0.247447
715, -0.259029
716, -0.257547
717, -0.256041
718, -0.254378
719, -0.252552
720, -0.250563
721, -0.251272
722, -0.251052
723, -0.250698
724, -0.250166
725, -0.249461
726, -0.248584
727, -0.247540
728, -0.246330
729, -0.244956
730, -0.243420
731, -0.241722
732, -0.239864
733, -0.237847
734, -0.235670
735, -0.233334
736, -0.230840
737, -0.228188
738, -0.225378
739, -0.222411
740, -0.219286
741, -0.216004
742, -0.212564
743, -0.208968
744, -0.205214
745, -0.201303
746, -0.197235
747, -0.193011
748, -0.188629
749, -0.184090
750, -0.179490
751, -0.175000
752, -0.170622
753, -0.166353
754, -0.162192
755, -0.158134
756, -0.154178
757, -0.152617
758, -0.150899
759, -0.149025
760, -0.146994
761, -0.144807
762, -0.142463
763, -0.139963
764, -0.137306
765, -0.134492
766, -0.131521
767, -0.128394
768, -0.125186
769, -0.122055
770, -0.119001
771, -0.116024
772, -0.113122
773, -0.110292
774, -0.107533
775, -0.104843
776, -0.102220
777, -0.099663
778, -0.097170
779, -0.094739
780, -0.092369
781, -0.090058
782, -0.087805
783, -0.085608
784, -0.083467
785, -0.081379
786, -0.079343
787, -0.077358
788, -0.075423
789, -0.073536
790, -0.071696
791, -0.069903
792, -0.068154
793, -0.066449
794, -0.064787
795, -0.063166
796, -0.061586
797, -0.060045
798, -0.058543
799, -0.057079
800, -0.055454
801, -0.053673
802, -0.051736
803, -0.049642
804, -0.047392
805, -0.044985
806, -0.042422
807, -0.039702
808, -0.036825
809, -0.033791
810, -0.030601
811, -0.027573
812, -0.024701
813, -0.021985
814, -0.019425
815, -0.017022
816, -0.014774
817, -0.012684
818, -0.010750
819, -0.008973
820, -0.007352
821, -0.005888
822, -0.004581
823, -0.003431
824, -0.002437
825, -0.001600
826, -0.000920
827, -0.000397
828, -0.000031
829, 0.000179
830, 0.000231
831, 0.000227
832, 0.000221
833, 0.000216
834, 0.000210
835, 0.000205
836, 0.000200
837, 0.000195
838, 0.000190
839, 0.000185
840, 0.000181
841, 0.000176
842, 0.000172
843, 0.000167
844, 0.000163
845, 0.000159
846, 0.000155
847, 0.000151
848, 0.000147
849, 0.000144
850, 0.000140
851, 0.000137
852, 0.000133
853, 0.000130
854, 0.000127
855, 0.000124
856, 0.000120
857, 0.000117
858, 0.000114
859, 0.000112
860, 0.000109
861, 0.000106
862, 0.000103
863, 0.000101
864, 0.000098
865, 0.000096
866, 0.000093
867, 0.000091
868, 0.000089
869, 0.000087
870, 0.000084
871, 0.000082
872, 0.000080
873, 0.000078
874, 0.000076
875, 0.000074
876, 0.000073
877, 0.000071
878, 0.000069
879, 0.000067
880, 0.000066
881, 0.000064
882, 0.000062
883, 0.000061
884, 0.000059
885, 0.000058
886, 0.000056
887, 0.000055
888, 0.000054
889, 0.000052
890, 0.000051
891, 0.000050
892, 0.000048
893, 0.000047
894, 0.000046
895, 0.000045
896, 0.000044
897, 0.000043
898, 0.000042
899, 0.000041
900, 0.000040
901, 0.000039
902, 0.000038
903, 0.000037
904, 0.000036
905, 0.000035
906, 0.000034
907, 0.000033
908, 0.000032
909, 0.000031
910, 0.000031
911, 0.000030
912, 0.000029
913, 0.000028
914, 0.000028
915, 0.000027
916, 0.000026
917, 0.000026
918, 0.000025
919, 0.000024
920, 0.000024
921, 0.000023
922, 0.000023
923, 0.000022
924, 0.000022
925, 0.000021
926, 0.000020
927, 0.000020
928, 0.000019
929, 0.000019
930, 0.000018
931, 0.000018
932, 0.000018
933, 0.000017
934, 0.000017
935, 0.000016
936, 0.000016
937, 0.000015
938, 0.000015
939, 0.000015
940, 0.000014
941, 0.000014
942, 0.000014
943, 0.000013
944, 0.000013
945, 0.000013
946, 0.000012
947, 0.000012
948, 0.000012
949, 0.000011
950, 0.000011
951, 0.000011
952, 0.000011
953, 0.000010
954, 0.000010
955, 0.000010
956, 0.000010
957, 0.000009
958, 0.000009
959, 0.000009
960, 0.000009
961, 0.000008
962, 0.000008
963, 0.000008
964, 0.000008
965, 0.000008
966, 0.000007
967, 0.000007
968, 0.000007
969, 0.000007
970, 0.000007
971, 0.000007
972, 0.000006
973, 0.000006
974, 0.000006
975, 0.000006
976, 0.000006
977, 0.000006
978, 0.000005
979, 0.000005
980, 0.000005
981, 0.000005
982, 0.000005
983, 0.000005
984, 0.000005
985, 0.000005
986, 0.000004
987, 0.000004
988, 0.000004
989, 0.000004
990, 0.000004
991, 0.000004
992, 0.000004
993, 0.000004
994, 0.000004
995, 0.000004
996, 0.000003
997, 0.000003
998, 0.000003
999, 0.000003
1000, 0.000163
1001, 0.000478
1002, 0.000951
1003, 0.001580
1004, 0.002365
1005, 0.003307
1006, 0.004406
1007, 0.005661
1008, 0.007073
1009, 0.008642
1010, 0.010368
1011, 0.011931
1012, 0.013339
1013, 0.014590
1014, 0.015685
1015, 0.016624
1016, 0.017407
1017, 0.018033
1018, 0.018502
1019, 0.018815
1020, 0.018971
1021, 0.018970
1022, 0.018813
1023, 0.018499
1024, 0.018040
1025, 0.017589
1026, 0.017149
1027, 0.016720
1028, 0.016302
1029, 0.015894
1030, 0.015496
1031, 0.015109
1032, 0.014731
1033, 0.014362
1034, 0.014003
1035, 0.013653
1036, 0.013311
1037, 0.012978
1038, 0.012653
1039, 0.012337
1040, 0.012028
1041, 0.011727
1042, 0.011434
1043, 0.011148
1044, 0.010869
1045, 0.010597
1046, 0.010332
1047, 0.010073
1048, 0.009821
1049, 0.009576
1050, 0.009336
1051, 0.009103
1052, 0.008875
1053, 0.008653
1054, 0.008436
1055, 0.008225
1056, 0.008020
1057, 0.007819
1058, 0.007623
1059, 0.007433
1060, 0.007247
1061, 0.007065
1062, 0.006889
1063, 0.006716
1064, 0.006548
1065, 0.006385
1066, 0.006225
1067, 0.006069
1068, 0.005917
1069, 0.005769
1070, 0.005625
1071, 0.005484
1072, 0.005347
1073, 0.005213
1074, 0.005083
1075, 0.004956
1076, 0.004832
1077, 0.004711
1078, 0.004593
1079, 0.004478
1080, 0.004366
1081, 0.004257
1082, 0.004150
1083, 0.004047
1084, 0.003945
1085, 0.003847
1086, 0.003750
1087, 0.003657
1088, 0.003565
1089, 0.003476
1090, 0.003389
1091, 0.003304
1092, 0.003222
1093, 0.003141
1094, 0.003062
1095, 0.002986
1096, 0.002911
1097, 0.002838
1098, 0.002767
1099, 0.002698
1100, 0.002630
1101, 0.002565
1102, 0.002501
1103, 0.002438
1104, 0.002377
1105, 0.002318
1106, 0.002260
1107, 0.002203
1108, 0.002148
1109, 0.002094
1110, 0.002042
1111, 0.001991
1112, 0.001941
1113, 0.001892
1114, 0.001845
1115, 0.001799
1116, 0.001754
1117, 0.001710
1118, 0.001667
1119, 0.001626
1120, 0.001585
1121, 0.001545
1122, 0.001507
1123, 0.001469
1124, 0.001432
1125, 0.001396
1126, 0.001361
1127, 0.001327
1128, 0.001294
1129, 0.001262
1130, 0.001230
1131, 0.001199
1132, 0.001169
1133, 0.001140
1134, 0.001112
1135, 0.001084
1136, 0.001057
1137, 0.001030
1138, 0.001004
1139, 0.000979
1140, 0.000955
1141, 0.000931
1142, 0.000908
1143, 0.000885
1144, 0.000863
1145, 0.000841
1146, 0.000820
1147, 0.000800
1148, 0.000780
1149, 0.000760
1150, 0.000741
1151, 0.000723
1152, 0.000705
1153, 0.000687
1154, 0.000670
1155, 0.000653
1156, 0.000637
1157, 0.000621
1158, 0.000605
1159, 0.000590
1160, 0.000575
1161, 0.000561
1162, 0.000547
1163, 0.000533
1164, 0.000520
1165, 0.000507
1166, 0.000494
1167, 0.000482
1168, 0.000470
1169, 0.000458
1170, 0.000447
1171, 0.000435
1172, 0.000424
1173, 0.000414
1174, 0.000403
1175, 0.000393
1176, 0.000384
1177, 0.000374
1178, 0.000365
1179, 0.000355
1180, 0.000347
1181, 0.000338
1182, 0.000329
1183, 0.000321
1184, 0.000313
1185, 0.000305
1186, 0.000298
1187, 0.000290
1188, 0.000283
1189, 0.000276
1190, 0.000269
1191, 0.000262
1192, 0.000256
1193, 0.000249
1194, 0.000243
1195, 0.000237
1196, 0.000231
1197, 0.000225
1198, 0.000220
1199, 0.000214
1200, 0.000368
1201, 0.000679
1202, 0.001145
1203, 0.001769
1204, 0.002549
1205, 0.003485
1206, -0.000790
1207, -0.004908
1208, -0.008870
1209, -0.012675
1210, -0.016323
1211, -0.019814
1212, -0.023148
1213, -0.026326
1214, -0.029347
1215, -0.032211
1216, -0.034918
1217, -0.037468
1218, -0.039862
1219, -0.042098
1220, -0.044178
1221, -0.046101
1222, -0.047867
1223, -0.049476
1224, -0.050928
1225, -0.052224
1226, -0.053362
1227, -0.054344
1228, -0.055169
1229, -0.055837
1230, -0.056348
1231, -0.056702
1232, -0.056899
1233, -0.056940
1234, -0.056823
1235, -0.056550
1236, -0.056120
1237, -0.055533
1238, -0.054789
1239, -0.053889
1240, -0.052831
1241, -0.051617
1242, -0.050328
1243, -0.053975
1244, -0.057464
1245, -0.060797
1246, -0.063973
1247, -0.066992
1248, -0.069855
1249, -0.072560
1250, -0.075109
1251, -0.077500
1252, -0.079735
1253, -0.081813
1254, -0.083734
1255, -0.085499
1256, -0.087106
1257, -0.088557
1258, -0.089850
1259, -0.090987
1260, -0.091967
1261, -0.092791
1262, -0.093457
1263, -0.093966
1264, -0.094319
1265, -0.094515
1266, -0.094553
1267, -0.094435
1268, -0.094160
1269, -0.093729
1270, -0.093140
1271, -0.092395
1272, -0.091492
1273, -0.090433
1274, -0.089217
1275, -0.087844
1276, -0.086314
1277, -0.089281
1278, -0.092090
1279, -0.094742
1280, -0.097238
1281, -0.099577
1282, -0.101759
1283, -0.103784
1284, -0.105652
1285, -0.107363
1286, -0.108918
1287, -0.110315
1288, -0.111556
1289, -0.112640
1290, -0.113567
1291, -0.114337
1292, -0.114950
1293, -0.115407
1294, -0.115706
1295, -0.115849
1296, -0.115835
1297, -0.115664
1298, -0.115336
1299, -0.114851
1300, -0.114209
1301, -0.113411
1302, -0.112456
1303, -0.111343
1304, -0.110074
1305, -0.108648
1306, -0.107066
1307, -0.105326
1308, -0.107663
1309, -0.109844
1310, -0.111868
1311, -0.113734
1312, -0.115444
1313, -0.116998
1314, -0.118394
1315, -0.119633
1316, -0.120716
1317, -0.121641
1318, -0.122410
1319, -0.123022
1320, -0.123477
1321, -0.123776
1322, -0.123917
1323, -0.123901
1324, -0.123729
1325, -0.123400
1326, -0.122914
1327, -0.122271
1328, -0.121471
1329, -0.120514
1330, -0.119401
1331, -0.118130
1332, -0.116703
1333, -0.115119
1334, -0.113378
1335, -0.111480
1336, -0.109425
1337, -0.111286
1338, -0.112991
1339, -0.114538
1340, -0.115928
1341, -0.117162
1342, -0.118239
1343, -0.119158
1344, -0.119921
1345, -0.120528
1346, -0.120977
1347, -0.121269
1348, -0.121405
1349, -0.121383
1350, -0.121205
1351, -0.120870
1352, -0.120378
1353, -0.119730
1354, -0.118924
1355, -0.117961
1356, -0.116842
1357, -0.115566
1358, -0.114133
1359, -0.112543
1360, -0.110796
1361, -0.108892
1362, -0.106832
1363, -0.104614
1364, -0.102240
1365, -0.103656
1366, -0.104914
1367, -0.106016
1368, -0.106961
1369, -0.107749
1370, -0.108380
1371, -0.108854
1372, -0.109172
1373, -0.109333
1374, -0.109336
1375, -0.109183
1376, -0.108873
1377, -0.108406
1378, -0.107783
1379, -0.107002
1380, -0.106065
1381, -0.104970
1382, -0.103719
1383, -0.102311
1384, -0.100746
1385, -0.099025
1386, -0.097146
1387, -0.095110
1388, -0.092918
1389, -0.090598
1390, -0.088332
1391, -0.086122
1392, -0.086796
1393, -0.087313
1394, -0.087673
1395, -0.087876
1396, -0.087923
1397, -0.087813
1398, -0.087546
1399, -0.087122
1400, -0.086542
1401, -0.085804
1402, -0.084910
1403, -0.083859
1404, -0.082652
1405, -0.081287
1406, -0.079766
1407, -0.078087
1408, -0.076252
1409, -0.074260
1410, -0.072111
1411, -0.070124
1412, -0.070149
1413, -0.070016
1414, -0.069726
1415, -0.069280
1416, -0.068677
1417, -0.067918
1418, -0.067001
1419, -0.065928
1420, -0.064698
1421, -0.063311
1422, -0.061767
1423, -0.060223
1424, -0.058717
1425, -0.057248
1426, -0.055816
1427, -0.054419
1428, -0.053058
1429, -0.051731
1430, -0.051031
1431, -0.050174
1432, -0.049162
1433, -0.047992
1434, -0.046793
1435, -0.045623
1436, -0.044481
1437, -0.043565
1438, -0.042493
1439, -0.041456
1440, -0.040420
1441, -0.039409
1442, -0.038423
1443, -0.037462
1444, -0.036525
1445, -0.035611
1446, -0.034720
1447, -0.033851
1448, -0.033005
1449, -0.032179
1450, -0.031374
1451, -0.030589
1452, -0.029824
1453, -0.029078
1454, -0.028350
1455, -0.027641
1456, -0.026950
1457, -0.026275
1458, -0.025618
1459, -0.024977
1460, -0.024352
1461, -0.023743
1462, -0.023149
1463, -0.022570
1464, -0.022006
1465, -0.021455
1466, -0.020918
1467, -0.020395
1468, -0.019885
1469, -0.019387
1470, -0.018902
1471, -0.018429
1472, -0.017968
1473, -0.017519
1474, -0.017081
1475, -0.016653
1476, -0.016237
1477, -0.015831
1478, -0.015435
1479, -0.015048
1480, -0.014672
1481, -0.014305
1482, -0.013947
1483, -0.013598
1484, -0.013258
1485, -0.012926
1486, -0.012603
1487, -0.012288
1488, -0.011980
1489, -0.011681
1490, -0.011388
1491, -0.011103
1492, -0.010826
1493, -0.010555
1494, -0.010291
1495, -0.010033
1496, -0.009782
1497, -0.009538
1498, -0.009299
1499, -0.009066
1500, -0.008840
1501, -0.008619
1502, -0.008403
1503, -0.008193
1504, -0.007988
1505, -0.007788
1506, -0.007593
1507, -0.007403
1508, -0.007218
1509, -0.007037
1510, -0.006861
1511, -0.006690
1512, -0.006522
1513, -0.006359
1514, -0.006200
1515, -0.006045
1516, -0.005894
1517, -0.005746
1518, -0.005603
1519, -0.005462
1520, -0.005326
1521, -0.005193
1522, -0.005063
1523, -0.004936
1524, -0.004813
1525, -0.004692
1526, -0.004575
1527, -0.004460
1528, -0.004349
1529, -0.004240
1530, -0.004134
1531, -0.004030
1532, -0.003930
1533, -0.003831
1534, -0.003735
1535, -0.003642
1536, -0.003551
1537, -0.003462
1538, -0.003375
1539, -0.003291
1540, -0.003209
1541, -0.003128
1542, -0.003050
1543, -0.002974
1544, -0.002899
1545, -0.002827
1546, -0.002756
1547, -0.002687
1548, -0.002620
1549, -0.002554
1550, -0.002491
1551, -0.002428
1552, -0.002368
1553, -0.002308
1554, -0.002251
1555, -0.002194
1556, -0.002139
1557, -0.002086
1558, -0.002034
1559, -0.001983
1560, -0.001933
1561, -0.001885
1562, -0.001838
1563, -0.001792
1564, -0.001747
1565, -0.001703
1566, -0.001661
1567, -0.001619
1568, -0.001579
1569, -0.001539
1570, -0.002267
1571, -0.002838
1572, -0.003253
1573, -0.003512
1574, -0.003614
1575, -0.003559
1576, -0.004143
1577, -0.004569
1578, -0.004839
1579, -0.004952
1580, -0.004908
1581, -0.004788
1582, -0.005298
1583, -0.005652
1584, -0.005849
1585, -0.005889
1586, -0.005773
1587, -0.006145
1588, -0.006361
1589, -0.006420
1590, -0.006322
1591, -0.006165
1592, -0.006472
1593, -0.006621
1594, -0.006614
1595, -0.006452
1596, -0.006656
1597, -0.006703
1598, -0.006593
1599, -0.006668
1600, -0.006587
1601, -0.006582
1602, -0.006421
1603, -0.006438
1604, -0.006299
1605, -0.006242
1606, -0.006029
1607, -0.005988
1608, -0.005846
1609, -0.005687
1610, -0.005515
1611, -0.005376
1612, -0.005242
1613, -0.005111
1614, -0.004983
1615, -0.004858
1616, -0.004740
1617, -0.004622
1618, -0.004508
1619, -0.004395
1620, -0.004288
1621, -0.004182
1622, -0.004078
1623, -0.003977
1624, -0.003879
1625, -0.003783
1626, -0.003690
1627, -0.003599
1628, -0.003510
1629, -0.003424
1630, -0.003340
1631, -0.003258
1632, -0.003177
1633, -0.003099
1634, -0.003023
1635, -0.002949
1636, -0.002877
1637, -0.002806
1638, -0.002737
1639, -0.002670
1640, -0.002605
1641, -0.002541
1642, -0.002479
1643, -0.002418
1644, -0.002359
1645, -0.002302
1646, -0.002246
1647, -0.002191
1648, -0.002138
1649, -0.002086
1650, -0.002035
1651, -0.001985
1652, -0.001937
1653, -0.001890
1654, -0.001845
1655, -0.001800
1656, -0.001756
1657, -0.001714
1658, -0.001673
1659, -0.001632
1660, -0.001593
1661, -0.001555
1662, -0.001517
1663, -0.001481
1664, -0.001445
1665, -0.001411
1666, -0.001377
1667, -0.001344
1668, -0.001312
1669, -0.001281
1670, -0.001250
1671, -0.001220
1672, -0.001192
1673, -0.001163
1674, -0.001136
1675, -0.001109
1676, -0.001083
1677, -0.001057
1678, -0.001032
1679, -0.001008
1680, -0.000984
1681, -0.000961
1682, -0.000939
1683, -0.000917
1684, -0.000896
1685, -0.000875
1686, -0.000855
1687, -0.000835
1688, -0.000815
1689, -0.000797
1690, -0.000778
1691, -0.000760
1692, -0.000743
1693, -0.000726
1694, -0.000710
1695, -0.000693
1696, -0.000678
1697, -0.000662
1698, -0.000647
1699, -0.000633
1700, -0.000619
1701, -0.000605
1702, -0.000591
1703, -0.000578
1704, -0.000565
1705, -0.000553
1706, -0.000540
1707, -0.000529
1708, -0.000517
1709, -0.000506
1710, -0.000495
1711, -0.000484
1712, -0.000473
1713, -0.000463
1714, -0.000453
1715, -0.000444
1716, -0.000434
1717, -0.000425
1718, -0.000416
1719, -0.000407
1720, -0.000399
1721, -0.000390
1722, -0.000382
1723, -0.000374
1724, -0.000366
1725, -0.000359
1726, -0.000352
1727, -0.000344
1728, -0.000337
1729, -0.000331
1730, -0.000324
1731, -0.000318
1732, -0.000311
1733, -0.000305
1734, -0.000299
1735, -0.000293
1736, -0.000288
1737, -0.000282
1738, -0.000277
1739, -0.000271
1740, -0.000266
1741, -0.000261
1742, -0.000256
1743, -0.000252
1744, -0.000247
1745, -0.000242
1746, -0.000238
1747, -0.000234
1748, -0.000229
1749, -0.000225
1750, -0.000221
1751, -0.000218
1752, -0.000214
1753, -0.000210
1754, -0.000206
1755, -0.000203
1756, -0.000199
1757, -0.000196
1758, -0.000193
1759, -0.000190
1760, -0.000187
1761, -0.000184
1762, -0.000181
1763, -0.000178
1764, -0.000175
1765, -0.000172
1766, -0.000170
1767, -0.000167
1768, -0.000165
1769, -0.000162
1770, -0.000160
1771, -0.000157
1772, -0.000155
1773, -0.000153
1774, -0.000151
1775, -0.000149
1776, -0.000147
1777, -0.000145
1778, -0.000143
1779, -0.000141
1780, -0.000139
1781, -0.000137
1782, -0.000135
1783, -0.000134
1784, -0.000132
1785, -0.000130
1786, -0.000129
1787, -0.000127
1788, -0.000126
1789, -0.000124
1790, -0.000123
1791, -0.000121
1792, -0.000120
1793, -0.000118
1794, -0.000117
1795, -0.000116
1796, -0.000115
1797, -0.000113
1798, -0.000112
1799, -0.000111
1800, -0.000092
1801, -0.000061
1802, -0.000016
1803, 0.000042
1804, 0.000114
1805, 0.000199
1806, 0.000297
1807, 0.000409
1808, 0.000534
1809, 0.000673
1810, 0.000826
1811, 0.000816
1812, 0.000796
1813, 0.000776
1814, 0.000757
1815, 0.000738
1816, 0.000719
1817, 0.000701
1818, 0.000684
1819, 0.000667
1820, 0.000650
1821, 0.000634
1822, 0.000618
1823, 0.000602
1824, 0.000587
1825, 0.000573
1826, 0.000558
1827, 0.000544
1828, 0.000531
1829, 0.000517
1830, 0.000504
1831, 0.000492
1832, 0.000480
1833, 0.000468
1834, 0.000456
1835, 0.000444
1836, 0.000433
1837, 0.000422
1838, 0.000412
1839, 0.000158
1840, 0.000060
1841, 0.000056
1842, -0.000143
1843, -0.000185
1844, -0.000182
1845, -0.000341
1846, -0.000344
1847, -0.000443
1848, -0.000476
1849, -0.000494
1850, -0.000499
1851, -0.000491
1852, -0.000481
1853, -0.000471
1854, -0.000461
1855, -0.000451
1856, -0.000441
1857, -0.000432
1858, -0.000422
1859, -0.000413
1860, -0.000405
1861, -0.000396
1862, -0.000388
1863, -0.000380
1864, -0.000372
1865, -0.000364
1866, -0.000357
1867, -0.000350
1868, -0.000342
1869, -0.000336
1870, -0.000329
1871, -0.000322
1872, -0.000316
1873, -0.000310
1874, -0.000303
1875, -0.000297
1876, -0.000292
1877, -0.000286
1878, -0.000281
1879, -0.000275
1880, -0.000270
1881, -0.000265
1882, -0.000260
1883, -0.000255
1884, -0.000250
1885, -0.000246
1886, -0.000241
1887, -0.000237
1888, -0.000232
1889, -0.000228
1890, -0.000224
1891, -0.000220
1892, -0.000216
1893, -0.000213
1894, -0.000209
1895, -0.000205
1896, -0.000202
1897, -0.000199
1898, -0.000195
1899, -0.000192
1900, -0.000189
1901, -0.000186
1902, -0.000183
1903, -0.000180
1904, -0.000177
1905, -0.000174
1906, -0.000172
1907, -0.000169
1908, -0.000166
1909, -0.000164
1910, -0.000161
1911, -0.000159
1912, -0.000157
1913, -0.000154
1914, -0.000152
1915, -0.000150
1916, -0.000148
1917, -0.000146
1918, -0.000144
1919, -0.000142
1920, -0.000140
1921, -0.000138
1922, -0.000136
1923, -0.000135
1924, -0.000133
1925, -0.000131
1926, -0.000130
1927, -0.000128
1928, -0.000127
1929, -0.000125
1930, -0.000124
1931, -0.000122
1932, -0.000121
1933, -0.000119
1934, -0.000118
1935, -0.000117
1936, -0.000116
1937, -0.000114
1938, -0.000113
1939, -0.000112
1940, -0.000111
1941, -0.000110
1942, -0.000109
1943, -0.000108
1944, -0.000107
1945, -0.000106
1946, -0.000105
1947, -0.000104
1948, -0.000103
1949, -0.000102
1950, -0.000101
1951, -0.000100
1952, -0.000099
1953, -0.000098
1954, -0.000098
1955, -0.000097
1956, -0.000096
1957, -0.000095
1958, -0.000095
1959, -0.000094
1960, -0.000093
1961, -0.000093
1962, -0.000092
1963, -0.000091
1964, -0.000091
1965, -0.000090
1966, -0.000089
1967, -0.000089
1968, -0.000088
1969, -0.000088
1970, -0.000087
1971, -0.000087
1972, -0.000086
1973, -0.000086
1974, -0.000085
1975, -0.000085
1976, -0.000084
1977, -0.000084
1978, -0.000083
1979, -0.000083
1980, -0.000083
1981, -0.000082
1982, -0.000082
1983, -0.000081
1984, -0.000081
1985, -0.000081
1986, -0.000080
1987, -0.000080
1988, -0.000080
1989, -0.000079
1990, -0.000079
1991, -0.000079
1992, -0.000078
1993, -0.000078
1994, -0.000078
1995, -0.000078
1996, -0.000077
1997, -0.000077
1998, -0.000077
1999, -0.000076
2000, -0.000059
2001, -0.000028
2002, 0.000016
2003, 0.000073
2004, 0.000144
2005, 0.000228
2006, 0.000325
2007, 0.000436
2008, 0.000561
2009, 0.000699
2010, 0.000850
2011, 0.000840
2012, 0.000819
2013, 0.000799
2014, 0.000779
2015, 0.000759
2016, 0.000740
2017, 0.000722
2018, 0.000704
2019, 0.000686
2020, 0.000669
2021, 0.000652
2022, 0.000636
2023, 0.000620
2024, 0.000605
2025, 0.000589
2026, 0.000575
2027, 0.000560
2028, 0.000546
2029, 0.000533
2030, 0.000519
2031, 0.000506
2032, 0.000494
2033, 0.000481
2034, 0.000469
2035, 0.000457
2036, 0.000446
2037, 0.000435
2038, 0.000424
2039, 0.000168
2040, 0.000069
2041, 0.000065
2042, -0.000135
2043, -0.000178
2044, -0.000175
2045, -0.000335
2046, -0.000397
2047, -0.000442
2048, -0.000476
2049, -0.000495
2050, -0.000501
2051, -0.000494
2052, -0.000484
2053, -0.000474
2054, -0.000463
2055, -0.000453
2056, -0.000444
2057, -0.000434
2058, -0.000425
2059, -0.000416
2060, -0.000407
2061, -0.000398
2062, -0.000390
2063, -0.000382
2064, -0.000374
2065, -0.000366
2066, -0.000359
2067, -0.000351
2068, -0.000344
2069, -0.000337
2070, -0.000330
2071, -0.000324
2072, -0.000317
2073, -0.000311
2074, -0.000305
2075, -0.000299
2076, -0.000293
2077, -0.000287
2078, -0.000282
2079, -0.000277
2080, -0.000271
2081, -0.000266
2082, -0.000261
2083, -0.000256
2084, -0.000251
2085, -0.000247
2086, -0.000242
2087, -0.000238
2088, -0.000234
2089, -0.000229
2090, -0.000225
2091, -0.000221
2092, -0.000217
2093, -0.000214
2094, -0.000210
2095, -0.000206
2096, -0.000203
2097, -0.000199
2098, -0.000196
2099, -0.000193
2100, -0.000190
2101, -0.000187
2102, -0.000184
2103, -0.000181
2104, -0.000178
2105, -0.000175
2106, -0.000172
2107, -0.000170
2108, -0.000167
2109, -0.000165
2110, -0.000162
2111, -0.000160
2112, -0.000157
2113, -0.000155
2114, -0.000153
2115, -0.000151
2116, -0.000149
2117, -0.000146
2118, -0.000144
2119, -0.000143
2120, -0.000141
2121, -0.000139
2122, -0.000137
2123, -0.000135
2124, -0.000133
2125, -0.000132
2126, -0.000130
2127, -0.000129
2128, -0.000127
2129, -0.000125
2130, -0.000124
2131, -0.000123
2132, -0.000121
2133, -0.000120
2134, -0.000118
2135, -0.000117
2136, -0.000116
2137, -0.000115
2138, -0.000113
2139, -0.000112
2140, -0.000111
2141, -0.000110
2142, -0.000109
2143, -0.000108
2144, -0.000107
2145, -0.000106
2146, -0.000105
2147, -0.000104
2148, -0.000103
2149, -0.000102
2150, -0.000101
2151, -0.000100
2152, -0.000099
2153, -0.000099
2154, -0.000098
2155, -0.000097
2156, -0.000096
2157, -0.000096
2158, -0.000095
2159, -0.000094
2160, -0.000093
2161, -0.000093
2162, -0.000092
2163, -0.000091
2164, -0.000091
2165, -0.000090
2166, -0.000090
2167, -0.000089
2168, -0.000088
2169, -0.000088
2170, -0.000087
2171, -0.000087
2172, -0.000086
2173, -0.000086
2174, -0.000085
2175, -0.000085
2176, -0.000084
2177, -0.000084
2178, -0.000084
2179, -0.000083
2180, -0.000083
2181, -0.000082
2182, -0.000082
2183, -0.000082
2184, -0.000081
2185, -0.000081
2186, -0.000080
2187, -0.000080
2188, -0.000080
2189, -0.000079
2190, -0.000079
2191, -0.000079
2192, -0.000078
2193, -0.000078
2194, -0.000078
2195, -0.000078
2196, -0.000077
2197, -0.000077
2198, -0.000077
2199, -0.000077
2200, -0.000059
2201, -0.000028
2202, 0.000016
2203, 0.000073
2204, 0.000144
2205, 0.000228
2206, 0.000325
2207, 0.000436
2208, 0.000561
2209, 0.000699
2210, 0.000850
2211, 0.000840
2212, 0.000819
2213, 0.000799
2214, 0.000779
2215, 0.000759
2216, 0.000740
2217, 0.000722
2218, 0.000704
2219, 0.000686
2220, 0.000669
2221, 0.000652
2222, 0.000636
2223, 0.000620
2224, 0.000604
2225, 0.000589
2226, 0.000575
2227, 0.000560
2228, 0.000546
2229, 0.000533
2230, 0.000519
2231, 0.000506
2232, 0.000494
2233, 0.000481
2234, 0.000469
2235, 0.000457
2236, 0.000446
2237, 0.000435
2238, 0.000424
2239, 0.000168
2240, 0.000069
2241, 0.000065
2242, -0.000135
2243, -0.000178
2244, -0.000175
2245, -0.000335
2246, -0.000397
2247, -0.000442
2248, -0.000476
2249, -0.000495
2250, -0.000501
2251, -0.000494
2252, -0.000484
2253, -0.000474
2254, -0.000463
2255, -0.000453
2256, -0.000444
2257, -0.000434
2258, -0.000425
2259, -0.000416
2260, -0.000407
2261, -0.000398
2262, -0.000390
2263, -0.000382
2264, -0.000374
2265, -0.000366
2266, -0.000359
2267, -0.000351
2268, -0.000344
2269, -0.000337
2270, -0.000330
2271, -0.000324
2272, -0.000317
2273, -0.000311
2274, -0.000305
2275, -0.000299
2276, -0.000293
2277, -0.000287
2278, -0.000282
2279, -0.000277
2280, -0.000271
2281, -0.000266
2282, -0.000261
2283, -0.000256
2284, -0.000251
2285, -0.000247
2286, -0.000242
2287, -0.000238
2288, -0.000234
2289, -0.000229
2290, -0.000225
2291, -0.000221
2292, -0.000217
2293, -0.000214
2294, -0.000210
2295, -0.000206
2296, -0.000203
2297, -0.000199
2298, -0.000196
2299, -0.000193
2300, -0.000190
2301, -0.000187
2302, -0.000184
2303, -0.000181
2304, -0.000178
2305, -0.000175
2306, -0.000172
2307, -0.000170
2308, -0.000167
2309, -0.000164
2310, -0.000162
2311, -0.000160
2312, -0.000157
2313, -0.000155
2314, -0.000153
2315, -0.000151
2316, -0.000149
2317, -0.000146
2318, -0.000144
2319, -0.000143
2320, -0.000141
2321, -0.000139
2322, -0.000137
2323, -0.000135
2324, -0.000133
2325, -0.000132
2326, -0.000130
2327, -0.000129
2328, -0.000127
2329, -0.000125
2330, -0.000124
2331, -0.000123
2332, -0.000121
2333, -0.000120
2334, -0.000118
2335, -0.000117
2336, -0.000116
2337, -0.000115
2338, -0.000113
2339, -0.000112
2340, -0.000111
2341, -0.000110
2342, -0.000109
2343, -0.000108
2344, -0.000107
2345, -0.000106
2346, -0.000105
2347, -0.000104
2348, -0.000103
2349, -0.000102
2350, -0.000101
2351, -0.000100
2352, -0.000099
2353, -0.000099
2354, -0.000098
2355, -0.000097
2356, -0.000096
2357, -0.000096
2358, -0.000095
2359, -0.000094
2360, -0.000093
2361, -0.000093
2362, -0.000092
2363, -0.000091
2364, -0.000091
2365, -0.000090
2366, -0.000090
2367, -0.000089
2368, -0.000088
2369, -0.000088
2370, -0.000087
2371, -0.000087
2372, -0.000086
2373, -0.000086
2374, -0.000085
2375, -0.000085
2376, -0.000084
2377, -0.000084
2378, -0.000084
2379, -0.000083
2380, -0.000083
2381, -0.000082
2382, -0.000082
2383, -0.000082
2384, -0.000081
2385, -0.000081
2386, -0.000080
2387, -0.000080
2388, -0.000080
2389, -0.000079
2390, -0.000079
2391, -0.000079
2392, -0.000078
2393, -0.000078
2394, -0.000078
2395, -0.000078
2396, -0.000077
2397, -0.000077
2398, -0.000077
